,CAPSULE,AGE,RACE,DPROS,DCAPS,VOL,GLEASON,logPSA
CAPSULE,1,-0.040,-0.008,0.318,0.245,-0.115,0.449,0.359
AGE,-0.040,1,-0.045,-0.051,0.008,0.114,0.026,0.008
RACE,-0.008,-0.045,1,0.085,0.064,0.077,0.027,0.162
DPROS,0.318,-0.051,0.085,1,0.244,-0.054,0.253,0.175
DCAPS,0.245,0.008,0.064,0.244,1,-0.109,0.282,0.259
VOL,-0.115,0.114,0.077,-0.054,-0.109,1,-0.059,0.052
GLEASON,0.449,0.026,0.027,0.253,0.282,-0.059,1,0.456
logPSA,0.359,0.008,0.162,0.175,0.259,0.052,0.456,1
